c2 = 0.02173913043478260869565217391304347 c3 = 0.09629581047800066670113001679819925
c4 = 0.14444371571700100005169502519729888 c5 = 0.52205882352941176470588235294117647
c6 = 0.22842443612863469578031459099794265 c7 = 0.54360353589933733219171338103002937
c8 = 0.64335664335664335664335664335664335 c9 = 0.48251748251748251748251748251748251
c10 = 0.06818181818181818181818181818181818 c11 = 0.25060827250608272506082725060827250
c12 = 0.66736715965600568968278165443304378 c13 = 0.85507246376811594202898550724637681
c14 = 0.89795918367346938775510204081632653 c15 = 1.0
c16 = 1.0