b1 = 0.01490902081978461022483617102382552 b8 = −0.20408044692054151258349120934134791
b9 = 0.22901438600570447264772469337066476 b10 = 0.12800558251147375669208211573729202
b11 = 0.22380626846054143649770066956485937 b12 = 0.39553165293700054420552389156421651
b13 = 0.05416646758806981196568364538360743 b14 = 0.12691439652445903685643385312168037
b15 = −0.00052539244262118876455834655383035 b16 = 1.0/31.0