c2 = 0.02173913043478260869565217391304347 c3 = 0.09629581047800066670113001679819925
c4 = 0.14444371571700100005169502519729888 c5 = 0.52205882352941176470588235294117647
c6 = 0.22842443612863469578031459099794265 c7 = 0.54360353589933733219171338103002937
c8 = 0.64335664335664335664335664335664335 c9 = 0.48251748251748251748251748251748251
c10 = 0.06818181818181818181818181818181818 c11 = 0.25060827250608272506082725060827250
c12 = 0.66736715965600568968278165443304378 c13 = 0.85507246376811594202898550724637681
c14 = 0.89795918367346938775510204081632653 c15 = 1
c16 = 1
b1 = 0.01490902081978461022483617102382552 b8 = −0.20408044692054151258349120934134791
b9 = 0.22901438600570447264772469337066476 b10 = 0.12800558251147375669208211573729202
b11 = 0.22380626846054143649770066956485937 b12 = 0.39553165293700054420552389156421651
b13 = 0.05416646758806981196568364538360743 b14 = 0.12691439652445903685643385312168037
b15 = −0.00052539244262118876455834655383035 b16 = 1/31
̂
b1 = 0.00653047880643482012034413441159249 ̂ b8 = −2.31471038197461347517552506241529830
̂
b9 = 0.43528227238866280799530900822377013 ̂ b10 = 0.14907947287101933118545845390618763
̂
b11 = 0.17905535442235532311850533252768020 ̂ b12 = 2.53400872222767706921176214508820825
̂
b13 = −0.55430437423209112896721332268159015 ̂ b14 = 0.56924788787870083224213506297615260
̂
b15 = −0.03644749690427461198884026816573513 ̂ b16 = 1/31