b1 = 0.00653047880643482012034413441159249 b8 = −2.31471038197461347517552506241529830
b9 = 0.43528227238866280799530900822377013 b10 = 0.14907947287101933118545845390618763
b11 = 0.17905535442235532311850533252768020 b12 = 2.53400872222767706921176214508820825
b13 = −0.55430437423209112896721332268159015 b14 = 0.56924788787870083224213506297615260
b15 = −0.03644749690427461198884026816573513  b16 = 1.0/31.0